12  3  0  0
   1    0.9911729097366333  -0.012457185424864292  -1
   2    0.9911729097366333  -0.012457161210477352  1
   3    -1.0088270902633667  -0.012457161210477352  1
   4    -1.0088270902633667  -2.0124571323394775  1
   5    -1.0088270902633667  -0.012457185424864292  -1
   6    -1.0088270902633667  -2.0124571323394775  -1
   7    0.9911729097366333  1.9875428676605225  -1
   8    0.9911729097366333  1.9875428676605225  1
   9    -1.0088270902633667  1.9875428676605225  1
  10    -1.0088270902633667  1.9875428676605225  -1
  11    0.9911729097366333  -2.0124571323394775  -1
  12    0.9911729097366333  -2.0124571323394775  1
# Generated by tetgen64 -p Prisma/bigPrism2.stl 
